28884.071674627125
27510.726640339057
28239.57276187568
27898.478856636666
28756.605664195966
27154.48839924464
27898.478856636666
27510.726640339053
27154.48839924464
27898.478856636666
27778.734798546117
27159.84023182017
28815.353998686067
27154.48839924464
27154.48839924464
27154.48839924464
27159.84023182017
27159.84023182017
27159.84023182017
27778.734798546117
28220.844380083152
28652.029587186793
27898.478856636666
29580.990662353208
27510.726640339053
27159.84023182017
30181.7718551511
28761.957496771494
27159.84023182017
27154.48839924464
27778.73479854612
28910.512016007422
28516.63815265162
27154.48839924464
27154.48839924464
27154.48839924464
28412.08645955096
28412.08645955096
29676.659034822213
27154.48839924464
27159.84023182017
28884.071674627125
28516.63815265162
28042.04556522814
28407.853018150232
28239.57276187568
28313.546648141626
28910.512016007422
27154.48839924464
27510.726640339053
27159.84023182017
28761.957496771494
28064.955335093717
27154.48839924464
27154.48839924464
27159.84023182017
28313.546648141626
28239.572761875675
28402.501185574707
28239.572761875675
29178.520174214485
27510.726640339053
28130.520944077
27742.768727779385
27154.48839924464
27159.84023182017
28761.957496771494
27159.84023182017
27159.84023182017
28507.580920082746
27510.726640339053
28565.248363039405
27159.84023182017
27154.48839924464
28064.955335093717
27154.48839924464
27159.84023182017
28134.835687027884
27829.488462149355
27510.726640339053
27154.48839924464
28516.63815265162
28239.572761875675
28402.501185574707
28064.955335093717
27510.726640339053
27154.48839924464
27742.768727779385
27742.768727779385
30004.961110186272
29388.627283388112
27742.768727779385
28910.512016007422
28130.520944077
27159.84023182017
28815.353998686067
29116.111438851633
28516.63815265162
27154.48839924464
29644.162830179474
28323.39260204689
27510.726640339053
27742.76872777939
29544.20012022269
27154.48839924464
28042.04556522814
28300.482832181315
28627.324978173292
28535.356087974476
28417.438292126484
28652.029587186793
27510.726640339053
27154.48839924464
29388.62728338811
27154.48839924464
27898.478856636666
28652.029587186793
27159.84023182017
27154.48839924464
28099.779766550935
28239.572761875675
27510.726640339053
27154.48839924464
27154.48839924464
27154.48839924464
27154.48839924464
29615.6351272428
29388.62728338811
28299.927770029946
28884.071674627125
28516.63815265162
27742.768727779385
27159.84023182017
28042.04556522814
27154.48839924464
27154.48839924464
28407.853018150232
28516.63815265162
27159.84023182017
28239.572761875675
27159.84023182017
28402.501185574707
27510.726640339053
27159.84023182017
28239.572761875675
27510.726640339053
27154.48839924464
30783.41411648499
28516.638152651623
28516.63815265162
27510.726640339053
28507.580920082743
28042.04556522814
28412.08645955096
28507.580920082743
28756.605664195966
29966.440733685984
27742.76872777939
27159.84023182017
28130.520944077
28042.04556522814
27541.429523136238
28417.438292126484
28239.572761875675
28407.853018150232
28761.957496771494
27154.48839924464
28507.580920082743
28627.324978173296
27154.48839924464
28042.04556522814
28516.63815265162
28042.04556522814
27778.734798546117
27154.48839924464
28535.356087974473
27159.84023182017
28516.63815265162
27778.734798546117
27510.726640339053
27154.48839924464
28652.029587186793
28565.248363039405
27898.478856636666
27510.726640339053
27159.84023182017
28923.10830427209
29485.98037533788
27154.48839924464
27154.48839924464
29380.875708723415
28578.707582359955
27510.726640339053
30841.306111005633
27154.48839924464
29382.84847335795
27510.726640339053
27154.48839924464
27159.84023182017
27742.768727779385
27510.726640339053
28010.776885986455
29644.16283017947
27154.48839924464
27510.726640339053
28402.501185574707
28042.04556522814
27154.48839924464
28884.071674627125
27154.48839924464
28535.356087974473
27154.48839924464
27154.48839924464
29047.3960861264
27154.48839924464
27159.84023182017
28833.256521246472
27778.73479854612
29388.62728338811
27778.734798546117
28239.572761875675
27159.84023182017
27159.84023182017
28565.248363039405
27510.726640339053
28652.029587186793
27159.84023182017
27154.48839924464
28623.56816889233
27154.48839924464
28516.63815265162
27898.478856636666
27154.48839924464
28815.353998686067
28756.605664195966
27154.48839924464
27510.726640339053
28407.853018150232
27154.48839924464
27159.84023182017
28623.56816889233
28884.07167462713
28516.63815265162
28627.324978173292
27154.48839924464
29901.511444698357
28923.10830427209
27159.84023182017
28516.63815265162
27510.726640339053
28833.256521246472
27510.726640339053
28239.572761875675
27159.84023182017
28042.04556522814
27742.768727779385
27154.48839924464
28130.520944077
27510.726640339053
28081.504560701294
28239.572761875675
28300.482832181315
28910.512016007422
28010.776885986455
27159.84023182017
30650.818175395838
28959.872086800347
29388.627283388112
28833.256521246472
27510.726640339053
27510.726640339053
28407.853018150232
27159.84023182017
27154.48839924464
27154.48839924464
27159.84023182017
28815.353998686067
28652.029587186793
28516.63815265162
28627.324978173296
28042.04556522814
27154.48839924464
28627.324978173292
27159.84023182017
27510.726640339053
27510.726640339053
27154.48839924464
27159.84023182017
28516.63815265162
27154.48839924464
27159.84023182017
28407.853018150232
28412.08645955096
29848.397478459905
27778.734798546117
28623.56816889233
27159.84023182017
29558.080892487633
27159.84023182017
28417.438292126484
28239.57276187568
27159.84023182017
27778.734798546117
28652.0295871868
27510.726640339053
28815.353998686067
28516.63815265162
27159.84023182017
28134.835687027884
29052.60184659067
29906.78055200607
28535.356087974473
27778.734798546117
27898.478856636666
28756.605664195966
27510.726640339053
29047.3960861264
27154.48839924464
27159.84023182017
27159.84023182017
28623.56816889233
27154.48839924464
29047.396086126402
27159.84023182017
28239.572761875675
28623.56816889233
27154.48839924464
27510.726640339053
28535.356087974473
27154.48839924464
28623.56816889233
29445.03865312322
28064.955335093717
27154.48839924464
27742.768727779385
27510.726640339053
27154.48839924464
27154.48839924464
29676.659034822213
27154.48839924464
27510.726640339053
27510.726640339057
28884.071674627125
29388.62728338811
28134.835687027884
27159.84023182017
28516.63815265162
27510.726640339053
27159.84023182017
27898.478856636666
27154.48839924464
28535.356087974473
27159.84023182017
27154.48839924464
27510.726640339053
27510.726640339053
30533.89517602349
28402.501185574707
28239.572761875675
28652.029587186793
28815.353998686067
28042.04556522814
27898.478856636666
28507.580920082743
29042.750852950045
28010.776885986455
29294.214689167602
27510.726640339053
30004.300888410908
27159.84023182017
30117.47340492474
28299.927770029946
28064.955335093717
28064.955335093717
28516.63815265162
27510.726640339053
28623.56816889233
28412.08645955096
28891.576327099392
29620.98695981833
27510.726640339053
28417.438292126484
27778.734798546117
27541.429523136234
28134.835687027888
28756.605664195966
28323.755725054045
28300.482832181322
28402.501185574707
28516.63815265162
28507.580920082743
27154.48839924464
28756.60566419597
27510.726640339053
27159.84023182017
27154.48839924464
27510.726640339053
28400.829279439495
27159.84023182017
27510.726640339053
27742.768727779385
27154.48839924464
27159.84023182017
27154.48839924464
28535.356087974476
27159.84023182017
28815.353998686067
28507.580920082746
28652.029587186793
27154.48839924464
27510.726640339053
28810.350682237917
27510.726640339053
27510.726640339053
27154.48839924464
28313.546648141626
28402.501185574707
28507.580920082743
29620.98695981833
27159.84023182017
27898.478856636666
27742.768727779385
27159.84023182017
27742.768727779385
27154.48839924464
28516.63815265162
28565.248363039405
28010.776885986455
27510.726640339053
27154.48839924464
27159.84023182017
27154.48839924464
27159.84023182017
28064.955335093717
30117.473404924734
27159.84023182017
27778.734798546117
27159.84023182017
28565.248363039405
28565.248363039405
28064.955335093717
27510.726640339053
27742.768727779385
27742.768727779385
27154.48839924464
28300.482832181315
29368.088708439976
28652.029587186793
27159.84023182017
27154.48839924464
27154.48839924464
27898.478856636666
28516.63815265162
27742.768727779385
28407.853018150232
27898.478856636673
27159.84023182017
27778.734798546117
27154.48839924464
27154.48839924464
28239.572761875675
30042.53336640357
27154.48839924464
28620.551336698383
28884.07167462713
27154.48839924464
28627.324978173292
27159.84023182017
28535.356087974473
27898.478856636666
27898.478856636666
28239.572761875675
27898.478856636666
27510.726640339053
27159.84023182017
27159.84023182017
27159.84023182017
28042.04556522815
28565.248363039405
27159.84023182017
28507.580920082743
29485.98037533788
27159.84023182017
28299.927770029946
28756.605664195966
29047.3960861264
27898.478856636666
27159.84023182017
27154.48839924464
27778.734798546117
27510.726640339053
30318.723040431203
28042.04556522814
28652.86710837654
28134.835687027884
28239.572761875675
27510.726640339053
28810.350682237917
27510.726640339053
27742.768727779385
28516.63815265162
27159.84023182017
27510.726640339053
27159.84023182017
27154.48839924464
27778.734798546117
27159.84023182017
27159.84023182017
27159.84023182017
28299.927770029946
27159.84023182017
27154.48839924464
28042.04556522814
28623.56816889233
28300.482832181315
28412.08645955096
27159.84023182017
28010.776885986455
28652.029587186793
28910.512016007426
27510.726640339053
27159.84023182017
28239.572761875675
27510.726640339053
28402.501185574707
27154.48839924464
27159.84023182017
27159.84023182017
28402.501185574707
27510.726640339057
27159.84023182017
27510.726640339053
29349.106062979805
27510.726640339053
27154.48839924464
28761.957496771494
27510.726640339053
28042.04556522814
27898.478856636666
28417.438292126484
28652.029587186793
27510.726640339057
27898.478856636666
28623.56816889233
27510.726640339053
28407.853018150236
27159.84023182017
27159.84023182017
27898.478856636666
27742.768727779385
28407.853018150232
29544.20012022269
28815.35399868607
28239.572761875675
27159.84023182017
27154.48839924464
27159.84023182017
28884.0693514113
28042.04556522814
27778.73479854612
28623.56816889233
27154.48839924464
28652.029587186793
28010.776885986455
27154.48839924464
27898.478856636666
28323.755725054045
28323.39260204689
27742.768727779385
28402.501185574707
28303.002039213672
28042.04556522814
27159.84023182017
29620.669370828444
27154.48839924464
28042.04556522814
27159.84023182017
28756.605664195966
27742.768727779385
27510.726640339053
27778.734798546117
28507.580920082743
28239.572761875675
27154.48839924464
28516.638152651623
28407.85301815024
29024.613822403033
27510.726640339053
28507.580920082746
27159.84023182017
27159.84023182017
27159.84023182017
27154.48839924464
27742.768727779385
27510.726640339053
27154.48839924464
27154.48839924464
27742.768727779385
27154.48839924464
29644.16283017947
27159.84023182017
28761.957496771494
28884.0693514113
27159.84023182017
27898.478856636666
28810.350682237917
28565.248363039405
27159.84023182017
27159.84023182017
27778.734798546117
27510.726640339053
28803.36424618154
27154.48839924464
27159.84023182017
28010.776885986455
27510.726640339053
28923.10830427209
28761.957496771494
27778.734798546117
28134.835687027884
27510.726640339053
28239.572761875675
27159.84023182017
28239.572761875675
27154.48839924464
27778.734798546117
27154.48839924464
27154.48839924464
28407.853018150232
28239.57276187568
27510.726640339053
27154.48839924464
27159.84023182017
27154.48839924464
27159.84023182017
29024.613822403033
28516.63815265162
27159.84023182017
28412.086459550963
28042.04556522815
27510.726640339053
27898.478856636666
28300.482832181315
27154.48839924464
28407.853018150232
29159.064929280266
28239.572761875675
27778.734798546117
28618.197787498415
27159.84023182017
29299.566521743127
27154.48839924464
28884.071674627125
29530.266317924383
29290.05835155821
28565.248363039405
28323.755725054052
27159.84023182017
28756.605664195966
27510.726640339053
28134.835687027884
27159.84023182017
27154.48839924464
29178.520174214485
27159.84023182017
27159.84023182017
29544.20012022269
27154.48839924464
29485.98037533788
27159.84023182017
28884.0693514113
28042.045565228145
27154.48839924464
27154.48839924464
27154.48839924464
27778.734798546117
28535.356087974476
27778.734798546117
28910.512016007422
27742.768727779385
27742.768727779385
28565.248363039405
29047.3960861264
27159.84023182017
27154.48839924464
27159.84023182017
28042.04556522814
28010.776885986455
27154.48839924464
27154.48839924464
27898.478856636666
27742.768727779385
28239.572761875675
27778.734798546117
27159.84023182017
28010.776885986455
27154.48839924464
27159.84023182017
27971.118412221436
29667.072600045045
27510.726640339053
27510.726640339053
27159.84023182017
28010.776885986455
28507.294467063046
27159.84023182017
28412.08645955096
27159.84023182017
28300.482832181315
27154.48839924464
28407.853018150232
27154.48839924464
27510.726640339053
27510.726640339053
27778.734798546117
27159.84023182017
27778.734798546117
28412.08645955096
27159.84023182017
28300.482832181315
27159.84023182017
28300.482832181315
27510.726640339053
27159.84023182017
28323.755725054045
28516.63815265162
27742.76872777939
27159.84023182017
28042.04556522814
30640.98483865499
28042.04556522814
27159.84023182017
27154.48839924464
27154.48839924464
27510.726640339053
28042.04556522814
27154.48839924464
28239.57276187568
27510.726640339053
28130.520944077
28652.029587186793
28627.324978173296
27154.48839924464
28565.248363039405
27159.84023182017
27510.726640339053
29485.98037533788
27154.48839924464
28407.853018150232
27154.48839924464
28341.19787098698
27154.48839924464
27159.84023182017
28389.717516890614
27154.48839924464
27159.84023182017
29290.05835155821
28042.04556522814
27154.48839924464
27510.726640339053
27510.726640339053
27154.48839924464
28516.63815265162
27510.726640339053
28130.520944077
28042.04556522814
28507.580920082743
28299.927770029946
27154.48839924464
29047.3960861264
28407.853018150232
27898.478856636666
27154.48839924464
27159.84023182017
28299.927770029946
27898.47885663667
27742.768727779385
27159.84023182017
27510.726640339053
27510.726640339053
27510.726640339053
27159.84023182017
28299.927770029946
28028.609392664897
28064.955335093717
27159.84023182017
28407.853018150232
27159.84023182017
27159.84023182017
28319.284905632394
28923.10830427209
27154.48839924464
28081.50456070129
28412.08645955096
27742.768727779385
28412.08645955096
27154.48839924464
27154.48839924464
27159.84023182017
27154.48839924464
28010.776885986455
27159.84023182017
27778.734798546117
29902.600097132643
29612.915472947923
28516.63815265162
29736.95295197921
29380.875708723415
28555.797812494384
27159.84023182017
27742.768727779385
28862.906434920173
27510.726640339053
28239.572761875675
28323.39260204689
28407.853018150232
30117.473404924734
27510.726640339057
27898.478856636666
28239.572761875675
28516.63815265162
27159.84023182017
28042.04556522814
27742.768727779385
28323.755725054045
27742.768727779385
28891.576327099392
27510.726640339053
27154.48839924464
28064.955335093717
27510.726640339053
28239.572761875675
27154.48839924464
29485.980375337884
27778.734798546117
27510.726640339053
27154.48839924464
27154.48839924464
29255.927088532506
27154.48839924464
27510.726640339053
28652.029587186793
27154.48839924464
28239.572761875675
28412.08645955096
28299.927770029946
27742.768727779385
27154.48839924464
27154.48839924464
28239.572761875675
30117.473404924734
28407.853018150232
28300.482832181315
27510.726640339053
27742.768727779385
27159.84023182017
30345.201512556196
27159.84023182017
27159.84023182017
28042.04556522814
27159.84023182017
28623.56816889233
28627.324978173292
28516.63815265162
27159.84023182017
28412.08645955096
28803.36424618154
27159.84023182017
27742.768727779385
28407.853018150232
28300.482832181315
27159.84023182017
28833.256521246472
28010.776885986455
27778.734798546117
27510.726640339053
28884.0693514113
28239.572761875675
27159.84023182017
28042.04556522814
28010.776885986455
27159.84023182017
29349.1060629798
27154.48839924464
27159.84023182017
28239.572761875675
28516.63815265162
27742.768727779385
28652.029587186793
27510.726640339053
28833.256521246472
27510.726640339053
27154.48839924464
28652.029587186793
27510.726640339053
27510.726640339053
27159.84023182017
27159.84023182017
28891.576327099396
27778.73479854612
27898.478856636666
29620.669370828447
27898.478856636666
28815.353998686067
28299.927770029946
27154.48839924464
28042.045565228145
28081.50456070129
27159.84023182017
27159.84023182017
27510.726640339053
27154.48839924464
29620.986959818332
27510.726640339053
28130.520944077
29290.05835155821
27159.84023182017
28239.572761875675
27742.768727779385
30577.16030738438
28299.927770029946
28565.248363039405
29620.669370828447
28134.835687027884
27510.726640339053
27159.84023182017
28627.324978173292
27159.84023182017
27154.48839924464
28042.04556522814
28239.572761875675
28516.63815265162
29024.613822403033
28417.438292126484
27898.478856636666
27898.478856636666
27510.726640339053
27159.84023182017
27159.84023182017
27159.84023182017
28323.39260204689
28042.04556522814
28010.776885986455
28010.776885986455
28299.927770029946
27742.768727779385
28535.35608797448
27159.84023182017
28407.853018150232
28761.957496771494
28402.501185574707
27159.84023182017
27510.726640339053
27154.48839924464
27154.48839924464
28884.071674627125
28652.029587186793
27154.48839924464
30413.256731023535
27778.734798546117
28516.638152651623
29718.02246277821
28652.029587186793
28042.04556522814
28756.605664195966
28042.04556522814
28300.482832181315
27159.84023182017
28516.63815265162
27154.48839924464
28300.482832181315
27159.84023182017
27510.726640339053
28239.572761875675
27778.734798546117
27154.48839924464
29047.3960861264
27778.734798546117
27510.726640339053
27154.48839924464
28134.835687027884
27154.48839924464
28042.04556522814
28300.482832181315
27510.726640339053
28507.580920082743
28042.04556522814
28803.364246181543
28815.353998686067
27159.84023182017
27742.768727779385
28323.75572505405
28756.605664195966
30117.473404924734
28239.572761875675
28623.56816889233
27159.84023182017
28042.04556522814
27778.734798546117
29676.659034822213
