32260.64086674279
29255.52037525532
32050.834965339927
30106.601963602257
30967.97505024928
29921.725483439688
30694.49407682935
29267.024018412165
29560.06403020635
30566.800058899484
30286.3322160106
30477.769602039607
31680.47250882668
29612.89442282039
30628.4055540613
30016.628231805327
29817.36681331762
29705.510584304007
29460.514290689982
30706.51016792858
32570.614295024574
30864.042771881937
30099.944609194805
32156.98669421847
29619.958058132805
30295.636057481373
33124.40922640362
32092.690598339508
30108.890846249586
29179.733565858158
30294.04877218061
31311.498394679555
31873.394763298886
29736.032076288324
29214.961090537974
29226.926707811923
30431.051834956626
31379.975106533468
33876.93512078926
29882.43657259313
29333.338341364346
31037.786230601538
30721.40392583344
30192.012358076892
30724.635629488777
31334.936085598438
30982.098237227205
31081.915483456523
29018.0516476295
29485.89036728775
29102.244793966143
30514.772829946927
30361.00554484474
30506.903267501737
30321.907995979076
29777.960914672018
30603.549161267758
30764.003551322792
30560.67417895579
30542.086586537025
31856.625717154642
30416.657131174754
30481.236268218792
30756.33850409681
29235.145041341213
29518.318033194115
32027.792897980373
30416.42451816848
29168.79915827371
32157.152462013095
29485.099916009844
30197.934323509202
30183.209620006488
29738.50611338526
30335.7078051826
29919.922540569325
29510.449102112518
29965.71306697242
31831.73777537526
29859.198356256104
31120.8649994108
30615.993015978802
31008.14109502641
30736.40614921091
30459.836343048075
29504.886138322632
29837.348168822256
30373.5908183948
30369.98545092765
34259.064599526166
33251.36763774177
31274.0511653518
31136.997858066923
30412.930111280286
29846.373155659305
32198.848006927154
31626.709353348047
30618.601189052093
29592.20980406065
32764.87007428538
30763.852308688165
29475.452749857177
29800.06213343277
33683.251645512806
28754.727837864004
29633.031552288074
30612.403690889965
30225.461208187622
31742.13080496942
31445.270691499845
31207.865908475243
30769.77606333472
29341.505759989795
31848.76883575479
28947.71317913947
29871.933617712315
30664.781103535708
29181.950551306738
28990.29802387062
31194.017052036936
30095.27263663115
30935.47715860712
29656.65277762891
29850.022231451556
29375.47696491163
30896.484140915665
32093.22206356005
33296.10256555618
30481.992411655054
30820.262579833045
31315.123046558914
29482.27321149543
29532.652974479864
31241.000538676035
29899.26547787719
29229.258257464167
31375.63697982634
31658.17732214029
29643.151553900272
31421.904993914595
29578.593463964982
30946.32921446872
29246.39895591493
29902.325472964374
30354.30141764371
30030.346629817355
29173.243711997726
33541.17294185558
31268.453907306462
31632.457473773724
29321.906916847925
31514.063887297245
31677.05642793988
31312.778362940426
30861.44138462303
30855.319559331343
39451.81604622341
30521.045673803226
29394.08509719362
29992.174573778382
30660.55865505116
30519.279159939648
31123.585703081837
30631.758491033455
30866.84014955336
30885.58094922616
29262.805858595657
30679.694717241768
33005.18904354074
28975.06639684493
33527.429840075405
30910.1752482724
31003.66988530234
30595.291068433344
29027.7243505942
31778.986780449934
30941.94665155827
31234.19493503657
30184.69318690112
29976.32633355705
29658.351656731247
31322.99271484419
30706.53783180937
29889.0203335154
30229.133840739672
29737.324008677268
32525.52871148205
31599.852324594114
29884.201986124517
28866.875900607127
32427.109623390505
32670.80121287445
29471.267244822593
34628.23401137951
29259.173402138153
31976.276251916373
30651.473961795236
30128.951308279873
29068.9759003087
29853.07534606844
29408.62941554817
29848.979790215628
33923.71738197134
30672.51024957385
30639.987761199995
32084.86866555919
31839.63240800163
29766.862079322495
31000.14547477111
30632.984094856543
31198.777385002482
30361.146348115446
29990.072666901837
31351.570852302644
28858.994378894124
29700.57250375218
31342.838623167605
30773.6482333431
31331.971466055526
30661.099470178975
30819.155938101172
30196.77624174096
29556.637098995885
31084.1451097751
29962.88193662443
32414.55181971173
30087.171124849498
29798.072357309928
31082.368271740062
29559.394207044592
31225.497063209365
30346.029428217626
29687.027253624176
31577.664034063608
31112.277498867883
28994.052667151274
29844.29367173355
30326.88920526239
28865.960706859234
29809.56305361426
31826.256795144272
31083.65638178854
30465.484815792603
31849.12558696055
29748.397356923597
32666.325576937656
31133.643411848487
29772.426710433156
30357.44443552592
30412.94785420959
31031.74258855212
30014.633865324267
31298.271479514442
29796.377937150155
31107.415591755063
30565.49403111242
29307.920765671435
30883.577245943416
31658.353039409816
30572.589222139904
31443.990191251196
30899.40509906772
31051.52237679321
31105.26572400918
29092.898985985277
34108.95010257845
32438.514060413516
31548.319356523076
30815.367560418115
29251.87562719172
29407.183474117166
30945.298085562466
29846.003631421605
29334.07031456377
29106.18745547733
30310.830871624807
30837.8206575486
30988.870726177276
30752.794389414095
33658.65098378576
31288.03799607068
28851.496494454987
30410.18584615206
29211.17851772893
29866.919509284042
29301.63393921127
29003.007654326
29118.063451100137
31275.307395043987
30166.220448059878
29152.583941797224
30662.580924081867
31287.181228863967
35605.36437118025
30813.060105404886
31268.48355270672
30359.956574557145
32273.866561398114
29173.197395601477
30279.418352490764
32396.17387713504
29516.141286951708
30193.662713511705
32458.730640171467
30287.00189455518
31625.599451842667
32382.991561741343
29638.020364352436
31101.71545941615
31622.197743342847
32298.34040810088
30718.993318572928
29872.17175333222
31081.155686656726
30434.051379796136
29500.16692098145
31402.935476327315
29477.47696019312
29664.430284672868
29275.56335051427
32035.49104687709
29627.691335386648
32589.799479843732
29967.116913859143
31855.603091749228
32599.826351542757
29160.82850349232
29566.48832176262
31464.855852440764
31489.154244633206
31332.7063114054
33840.58288013854
30411.625288263655
29254.69624750988
29396.07050662962
31131.142703674872
29933.853363495207
30365.076482314358
31943.284035934088
29386.3831356274
29542.199191351527
30712.31772198221
31563.371835466234
31531.03740142005
30499.205996736975
29822.822587810868
31720.428326255136
29997.98824752958
29579.97200171361
30627.191200298785
29414.413026340964
30946.955057190422
28921.377807866098
29957.714385459007
29198.805939398513
29871.815917934025
34800.96593910343
31114.895523795432
31232.332670424115
31290.040031672546
31326.258920112967
30722.910632430536
30207.999901764993
31219.570164091496
31846.070369008856
30563.249586396425
31744.31771721423
30142.751377985187
33178.11203002458
29145.931803529907
35486.84081321939
31383.875741994314
31375.706850635957
31399.1986306234
30871.821349799553
29480.628912406988
30347.496070336685
31206.340633870066
32928.64844678788
31306.81638000835
29198.15567965518
31747.89736230216
30406.37763667561
30206.455551436273
30454.343661266765
31226.698120714133
30450.154194833336
32833.78687907329
31013.233355746503
31445.289394436422
31015.513177707086
30180.304638134217
31592.219421419602
29515.138572874053
29301.70387745811
31261.36064457472
29651.58070109145
33171.78172005012
29979.628426150684
30413.353815243056
29731.98080829866
31004.13821933606
30313.834329578396
29034.663204541957
31778.60880312495
29170.575595693615
33638.136548556824
31239.29567932281
30944.778326789055
29736.797085797138
30111.020623871933
32782.61184850169
31701.942075641076
29776.08493177412
29566.504098300265
29870.813071605717
30289.977621110025
31722.87777451957
32551.91805435092
29701.110387119938
31983.004514824526
30014.83214787544
28940.15375726116
29652.054661304457
29940.719079272716
31518.823815864234
30462.161158644274
30052.93163678759
29565.20079548201
29435.284184844255
29522.671118217895
29933.235566844905
30555.202626211903
32250.245981148957
33595.013169265476
30490.164690522877
30350.45135947683
30242.79829870915
31150.79428344675
32587.934301289995
30563.994636390085
29664.76772893476
30375.08400611535
30137.233856509665
29683.794800803502
29711.504018629246
31561.88630182895
31354.633372935794
29569.549162858104
29961.77983407482
29224.860704086877
29900.919935757138
30555.1618986704
30067.221092833563
31902.74324754406
32217.285183147254
29499.21074936342
30112.418007251163
29242.260076215967
29312.51848592421
32018.801427128015
32525.72464097505
28993.378728908458
33115.1871532364
30703.357489052036
29285.670922177516
31394.395519904265
29473.244965287413
32053.90763987283
30046.144506015207
29439.275553892385
30577.78781365446
30114.34995230153
30746.04161909519
29263.213743548047
29646.565132748172
30552.973491319477
30780.269577294384
31296.438685498077
29734.981999499352
30957.426242804293
31978.66979738366
30007.63546321121
30509.60415099222
30989.238413248368
31457.91014548253
30692.351994448152
29465.831288842604
30041.12218172765
29873.02319766427
29301.358582111312
33296.766567462066
35237.440494557224
34438.182376858014
31417.568719310242
30894.977544442347
30276.809497531456
31366.13541774568
30588.671106919
30762.040886542534
31107.539203814773
28742.187270611164
29004.768578958036
29135.124689346318
29225.909482287276
29614.56039172941
29661.208710044262
29652.708597993285
30315.759725993157
30686.321391684258
29342.753263327526
29985.986560837715
31357.76819729542
32269.49510189158
31236.475553395958
31537.762255235593
29333.128058185514
31128.103676734092
31431.991367383805
32541.333670576867
29512.80385219753
29482.850291572482
31765.075306350012
29645.79890011519
31355.225008022568
29150.973557578287
29712.881723219984
29489.334862561045
30619.456462201375
31220.257692208095
29428.11286623307
28988.635280758088
32132.17251899469
30183.081928598367
29551.298054426556
32508.066179406553
29926.413776330934
30447.59070396251
30466.715663290957
31099.557710485708
30634.660335808298
30237.478047516317
29816.744460640613
30630.352762500268
30687.26109049498
31958.074499694823
29561.053250554018
32054.754605008515
30305.40549874615
30985.059054411548
30939.26631164583
32151.09419614842
31359.758527430822
30417.305625993416
29046.781470437905
30937.97122425864
29374.316343110026
31519.332028788
31141.294795955062
33432.00517258738
30429.78155906701
30122.348455573658
31302.247618481975
31032.91589541675
29936.259933906287
29950.600119569994
30628.598694091612
29982.07183539012
30072.047830828942
30916.167228537597
31287.178069604633
31324.317714946937
29932.17913429028
32285.881489007952
29011.62779470115
30836.75318794146
31239.66305310078
31413.355886745565
30341.82452603443
29329.371184274405
29879.16197541283
30487.979472899286
30635.36954374068
31256.96731675309
34063.51566609616
32171.991987521553
31625.267086372445
32105.973713082647
33359.33249264724
29001.939376281814
29357.912582606124
29277.445753307864
29487.78697813037
30948.116150570295
29674.54678115166
29620.960371938065
29864.226230564997
30060.07126312968
31211.216815099204
33146.51593678875
30726.3338208075
32209.85456408264
31933.603092136746
30536.723020176796
30440.662783803284
31225.046408744416
30434.627608166295
30196.735848501157
29851.187907965275
30163.734850931134
31014.216971327452
30916.72392958195
30172.533905882992
30576.78222812272
30332.60940968141
29912.09189851213
30612.959953768113
31004.54499346643
29698.94065046201
31729.463578275485
29044.358757841022
31937.926942305694
29500.04839138617
31571.540502613476
29534.003006482977
30507.76099772125
29895.13031703354
30424.29126291663
30363.736595635743
31586.268570038486
30977.583191683876
30254.143881922624
29930.33443500602
28965.474829717656
29659.263674218495
31021.604772558894
30843.405818890107
28957.902002198356
31692.646624928017
30488.750900657524
29804.956662770608
30565.841873772024
30298.42054865602
29586.481640214046
31056.23106419939
31886.689132616953
30869.55492390128
30545.21976767457
31287.10704959663
29735.132015196028
32520.42223137393
30037.1183707658
31238.214011981694
32915.476970235904
32767.1810273312
31352.690243308563
31830.91720002824
29464.652461283666
32282.76214862981
29548.273580097437
30782.728482158967
30329.68400464017
28999.66766610223
32512.965525430885
29238.110987025146
29041.411815465468
33363.643003841156
28771.127185394904
32001.060778465846
29856.78335920614
31850.64093174548
33784.97434384636
30625.710478654873
30325.183525822213
29208.206688672693
29485.93879298417
32364.254348423245
29999.28424637443
30893.85906825576
29735.767694145692
30921.46600628331
30484.20592608303
31118.950609162024
30168.65649933116
29988.62026047993
29958.875197747446
30092.510840430987
30699.695139597283
29629.383856296958
29239.295453753977
30324.522649008733
30340.502039561743
30626.824977628174
30015.0496396588
30832.623421480188
30313.638704051406
29855.516867061986
29433.055741220785
32045.40720975042
31806.989255799872
29522.957287523048
29551.753748703173
29543.54643731922
31179.99545062096
31610.853233051712
29457.928451392476
30574.893060620532
28936.288399197234
30954.509297096083
29528.33617606243
30530.42043692016
29484.80997931922
29464.92797042294
30480.893902278465
29749.974393549237
29539.700049327446
29726.63999092398
30449.117730661274
30235.669061790133
30665.643745968664
30722.163172656892
30899.572998602616
29900.16633711503
29983.123201938142
30438.18825756181
31531.21842384357
31000.765975601935
29326.13856818757
29994.665761271463
33774.11263553187
30305.260334134233
29780.06960665143
29462.708736404813
28890.674365324194
30146.793160287598
30446.035065823442
30448.64233291621
31528.017293673573
29785.21866818856
32072.531685618833
31309.657355147665
34518.86173255508
28937.79536728195
30409.095558155273
29739.50945372892
30361.17483904946
31224.355918776153
29334.781320348116
31787.593673701635
29560.71856254194
32898.74331438144
29250.649595523373
28916.044847393492
31377.46679650064
30013.69348347045
28822.17251464527
32346.551021363066
30190.594637060316
29785.285000692766
29479.410357279565
29291.41911298677
29442.753549407495
30380.764602724816
29826.585380277946
29960.267848159816
32058.044907161624
30999.128594187703
30890.01613342231
29711.67621963409
30964.953379634957
30307.513491083868
29805.45298609033
29504.085815903767
29708.2256190614
31267.787480378225
31876.68909069474
29825.58245856014
28714.212322842282
30109.218553483865
30496.811766911105
30212.043658613497
29119.302112641402
31904.36621544525
31082.50499300649
31219.452721154095
30567.356482501255
30848.158729126022
29099.663235432396
29345.69421835644
30834.269184272234
31297.006589107452
29203.67431672715
30895.07860038966
31126.561603456434
29768.888461524723
31486.38425998445
30405.606866508693
29308.85566881412
29063.338959502344
29862.42095772959
30345.567758743648
29805.777982401047
29759.995389551666
33100.13935586539
34718.58208925333
30498.248243789287
31838.697651736373
32066.149008028915
31529.945833504036
29984.500359714923
29921.717366271343
31615.519558483316
29910.729533562895
30806.0297848448
30347.13280817887
30553.640916757213
32534.124004580914
29569.57552290046
30773.24560697996
30539.358591467622
31460.940447794026
31611.01931537
30574.062037564156
30380.722376238053
30537.18418403837
29854.109292929566
30834.73734328994
30677.864314823786
29011.689160799746
30069.297140424525
29653.091284877813
30636.427521450478
29190.559555700864
33064.63310049343
30524.295399725033
29878.702957781716
29118.390323048014
28952.236708126704
34705.401626735824
29143.698270314024
29689.068704069712
31330.757435407377
29691.244849724615
31624.841790300674
30279.677276259852
31054.310120652768
30389.419322892005
29688.199147343792
29129.680446545033
33811.53932137353
33596.84582754773
30817.43647258475
30314.453583571383
29899.82602615416
29749.53729179093
28755.677564101756
32633.19874464448
30461.092278924563
29322.154507097708
30138.254746934563
30254.875532438622
30643.434553410738
32227.28107247268
30947.856252622452
29679.920625445415
31572.531402144068
31642.89062724512
29028.43654882315
30643.383345470767
30863.446568494848
31593.36293404846
31030.902601822097
30922.32574206282
30073.564379490235
31249.458693045093
30694.503501581017
31794.643929365735
29998.301336658777
29402.96227363019
30599.14391261788
30346.599623319235
29983.66136209675
32124.388690163738
29239.65733741327
30711.888375209757
30741.5461593621
30989.228198099492
30254.160936595268
31143.763907629054
30336.333668623778
31787.579269140842
29707.22580889709
28880.87579999149
32402.685308564738
29751.930376553944
30660.23834210535
29464.974578150443
30203.811885269355
32148.5054830592
30947.91116098281
30398.89447720977
31925.850320944155
30320.099889391255
31487.49483859151
30881.708379110794
29342.31040314103
32086.96881290348
30054.27328628221
29827.117451867714
29484.439830512078
29561.832522222412
29422.501991210713
33411.59519492262
29994.674913944942
30283.60205756432
32493.874739591458
31588.731022614968
30022.228816613126
30050.4287511332
35027.71616162047
30799.85835589355
30614.393252134898
35965.2343053833
29675.13580846274
30299.51102922948
29989.17125001794
31390.426169834707
30319.304885986814
30174.891383591214
30904.34086112508
29980.22410136295
31143.095407271052
31891.992722471296
30550.58767243718
30586.147227111203
30124.502481022562
28998.976676095655
29790.43752726426
29581.92561400464
29519.85212187818
30473.485929627343
30139.569791300986
30612.153925243547
31199.099999258942
30794.02975634731
30709.53749301876
33380.34837939642
30559.320740501385
31135.426627961027
30319.655603935455
30818.03497767062
29497.446677619344
30452.856228767105
29662.540676586097
29077.630056947826
30849.272434093484
30877.806311113873
29307.887608766596
33468.70186605752
30774.93901972259
33546.62348487502
33379.76623764698
30949.20045601913
30634.06580899182
31725.37281212873
31114.084504682905
31286.23666522172
29720.858944903513
30978.82525008231
29636.483898686165
31119.10951896655
30145.252029354164
30297.209984886566
30856.855705463786
31874.53009592207
29340.127473750454
32730.045858570906
29437.35841207154
31314.187840865266
29347.935534839922
30061.27728769403
29738.875887623446
30516.35046788484
30492.004629171068
29496.215254907478
30238.87216215718
29870.42706614465
33297.73293410121
33046.48695899272
30957.951398554615
30887.34202027686
34118.3307418621
31583.569348097375
32987.64519736987
29700.855289327083
31044.866017479395
29271.73716136799
31677.651775639042
29876.270427836076
33346.89636729097
